%YAML:1.0
---
image_width: 640
image_height: 480
board_width: 9
board_height: 6
square_size: 24.799999237060547
camera_matrix: !!opencv-matrix
   rows: 3
   cols: 3
   dt: d
   data: [ 537.42667830405685, 0., 302.89650980135491, 0.,
       539.21318934545877, 255.0303973982011, 0., 0., 1. ]
distortion_coefficients: !!opencv-matrix
   rows: 5
   cols: 1
   dt: d
   data: [ 0.15502407369256335, -0.36388416456605621,
       0.02989748742615788, -0.011488298870678391, 0.1920699743156187 ]
rvecs:
   - !!opencv-matrix
      rows: 3
      cols: 1
      dt: d
      data: [ 0.010834405365195884, -0.11809281170020286,
          0.19062937525086224 ]
   - !!opencv-matrix
      rows: 3
      cols: 1
      dt: d
      data: [ -0.030343065055421239, 0.59049166815925935,
          0.017962413009972186 ]
   - !!opencv-matrix
      rows: 3
      cols: 1
      dt: d
      data: [ -0.42010605802832418, 0.32557118263182999,
          0.32174852428020406 ]
   - !!opencv-matrix
      rows: 3
      cols: 1
      dt: d
      data: [ -0.8220168569110351, -0.61824486496217079,
          -0.52955710219953767 ]
   - !!opencv-matrix
      rows: 3
      cols: 1
      dt: d
      data: [ -0.223880582011449, 0.3312778017402912,
          -1.0699638476380171 ]
   - !!opencv-matrix
      rows: 3
      cols: 1
      dt: d
      data: [ -0.80841244087050523, 0.7633988341169694,
          -1.3617022455774519 ]
   - !!opencv-matrix
      rows: 3
      cols: 1
      dt: d
      data: [ 0.18873389607703336, -0.74243560764686822,
          -1.0917945972259995 ]
   - !!opencv-matrix
      rows: 3
      cols: 1
      dt: d
      data: [ -0.51386018423948154, 0.4624342620947326,
          -2.3312165292766358 ]
   - !!opencv-matrix
      rows: 3
      cols: 1
      dt: d
      data: [ 0.64377243010680707, 0.38923747074874299,
          -2.2445896590000092 ]
   - !!opencv-matrix
      rows: 3
      cols: 1
      dt: d
      data: [ -0.15684769653300362, 1.0411651802132784,
          -2.7965434004830549 ]
   - !!opencv-matrix
      rows: 3
      cols: 1
      dt: d
      data: [ -0.76111813688548213, -0.80098493823947348,
          -0.85622720192287605 ]
   - !!opencv-matrix
      rows: 3
      cols: 1
      dt: d
      data: [ -0.82693438732367119, 0.23484107688409109,
          -1.3398077386672107 ]
   - !!opencv-matrix
      rows: 3
      cols: 1
      dt: d
      data: [ -0.66798171876675205, 0.54057028265314067,
          -1.5419893391156068 ]
   - !!opencv-matrix
      rows: 3
      cols: 1
      dt: d
      data: [ -0.16817984979706649, -0.10291410120584128,
          -1.4814438885848384 ]
   - !!opencv-matrix
      rows: 3
      cols: 1
      dt: d
      data: [ -0.33939130777203691, 0.41058986174679618,
          -2.8337039615762589 ]
   - !!opencv-matrix
      rows: 3
      cols: 1
      dt: d
      data: [ 0.45649471179671425, 0.45116331840914486,
          -2.9119766635077617 ]
   - !!opencv-matrix
      rows: 3
      cols: 1
      dt: d
      data: [ -0.54903358876902797, -0.96876258243694657,
          2.8758260837782039 ]
   - !!opencv-matrix
      rows: 3
      cols: 1
      dt: d
      data: [ -0.35600679774225485, 1.0148974182293753,
          -2.6833373240320628 ]
   - !!opencv-matrix
      rows: 3
      cols: 1
      dt: d
      data: [ -0.41625812594814238, -0.8663852469480362,
          -1.2091341292055338 ]
tvecs:
   - !!opencv-matrix
      rows: 3
      cols: 1
      dt: d
      data: [ -55.854735531392294, -84.491846789233875,
          344.7812228704949 ]
   - !!opencv-matrix
      rows: 3
      cols: 1
      dt: d
      data: [ -41.843229028259408, -63.210078893511344,
          487.33660826205647 ]
   - !!opencv-matrix
      rows: 3
      cols: 1
      dt: d
      data: [ -19.433100615717429, -90.123919385941321,
          508.33320565906411 ]
   - !!opencv-matrix
      rows: 3
      cols: 1
      dt: d
      data: [ -75.643847480272967, 7.3371686300914503,
          400.74578879620611 ]
   - !!opencv-matrix
      rows: 3
      cols: 1
      dt: d
      data: [ -37.347138108051425, 57.699171987152582,
          477.05135474546682 ]
   - !!opencv-matrix
      rows: 3
      cols: 1
      dt: d
      data: [ 50.767590458139267, 90.577566134734823, 486.47590174420333 ]
   - !!opencv-matrix
      rows: 3
      cols: 1
      dt: d
      data: [ -73.526429261159066, 47.911220632756688,
          321.35827873229653 ]
   - !!opencv-matrix
      rows: 3
      cols: 1
      dt: d
      data: [ 98.580409632407566, 127.63837904733755, 507.26768605577166 ]
   - !!opencv-matrix
      rows: 3
      cols: 1
      dt: d
      data: [ -15.089996477839277, 87.500620013598834,
          477.72971086704297 ]
   - !!opencv-matrix
      rows: 3
      cols: 1
      dt: d
      data: [ 140.14704599996367, 49.874772664352761, 392.65656634892366 ]
   - !!opencv-matrix
      rows: 3
      cols: 1
      dt: d
      data: [ -38.836585714737019, 15.833561918355798,
          347.79350318176893 ]
   - !!opencv-matrix
      rows: 3
      cols: 1
      dt: d
      data: [ 3.197780224275355, 71.541827034076505, 430.68896061605176 ]
   - !!opencv-matrix
      rows: 3
      cols: 1
      dt: d
      data: [ 21.891301685015495, 85.388246869789697, 439.34241328204945 ]
   - !!opencv-matrix
      rows: 3
      cols: 1
      dt: d
      data: [ -19.614662571559229, 83.705025600531371,
          402.09105489956454 ]
   - !!opencv-matrix
      rows: 3
      cols: 1
      dt: d
      data: [ 111.08871585157057, 101.59544118647057, 398.624139977948 ]
   - !!opencv-matrix
      rows: 3
      cols: 1
      dt: d
      data: [ 68.899510667102277, 79.168792345353353, 436.12737597528985 ]
   - !!opencv-matrix
      rows: 3
      cols: 1
      dt: d
      data: [ 97.126981320646763, 12.944811435101775, 441.59181363072787 ]
   - !!opencv-matrix
      rows: 3
      cols: 1
      dt: d
      data: [ 159.72146533679702, 56.020999287268829, 392.23212798358963 ]
   - !!opencv-matrix
      rows: 3
      cols: 1
      dt: d
      data: [ -45.245355798703173, 56.512108705758195,
          325.45613233225839 ]
